00000100000000010000000000000010
00000100000000011100000000000010
11111100000000000000000000000000
01000000010000010000000000000101
01000000010000011000010000001010
00000000001000100001100000000000
00001000010000010010000000000000
01000100001000100010100000000000
01001000001000100011000000000000
11000000001000100000000000000001
10000000001000000011100000000000
10011000001000100000000000000000
10011100010000110000000000000000
11000000001000010000000000000011
11000000001000000000000000000001
11111100000000000000000000000000
